# Created by Octave 3.2.4, Tue Jun 18 09:34:19 2013 ART <ulises@ulises-W240HU-W250HUQ>
# name: a
# type: scalar
2
