# Created by Octave 3.2.4, Tue Jun 18 13:02:34 2013 ART <ulises@ulises-W240HU-W250HUQ>
# name: Q
# type: matrix
# rows: 2
# columns: 3
 


0.2921495584565539 	0.4326191014716948 	0.5129777905658474
 
0.04865331406497969	0.08501336721574695 	0.1036547436047734
