%ejemplo para pivotar y resolver

K = [1 1 3 -2 7 ; 2 2 3 5 -6 ; 3 6 4 0 2 ; 0 1 -2 4 3 ; 4 -8 7 -3 4]

b = [10;6;15;6;4]

%yo

A = [10 7 5 7 ; 7 5 6 5 ; 8 6 10 9 ; 7 5 9 10]

b = [32 ; 23 ; 33 ; 31]

turbacion = 2

bTurbado = turbacion*[32 ; 23 ; 33 ; 31]