# Created by Octave 3.2.4, Wed Jun 05 00:52:20 2013 ART <ulises@ulises-W240HU-W250HUQ>
# name: Q
# type: matrix
# rows: 1000
# columns: 3
 0 0 1370402779.936586
 2e-05 0.001230064813434474 304.2516360282898
 3e-05 0.001844919067280756 107.1795969009399
 4e-05 0.002459654559280138 51.10556578636169
 5e-05 0.003074271293105163 27.77327108383179
 6.000000000000001e-05 0.003688769274690969 17.56249380111694
 7.000000000000001e-05 0.004303148508649778 11.27372193336487
 8.000000000000001e-05 0.004917408999575433 8.399599075317383
 9.000000000000001e-05 0.005531650832628041 6.86362099647522
 0.0001 0.006145573772100696 5.262541055679321
 0.00011 0.00675947806369836 5.479791879653931
 0.00012 0.007373263632195578 4.679728984832764
 0.00013 0.00798714721546045 4.184194087982178
 0.00014 0.008600478620476157 2.989745140075684
 0.00015 0.009213908050545122 2.846704959869385
 0.00016 0.009827218778063279 2.564971923828125
 0.00017 0.01044041080832039 2.349236011505127
 0.00018 0.0110536840823537 2.220686912536621
 0.00019 0.01166679049317089 1.845164060592651
 0.0002 0.01227927476819831 1.684146881103516
 0.00021 0.0128919920622894 1.57815408706665
 0.00022 0.01350459068594923 1.381814002990723
 0.00023 0.01411779403434706 1.292096853256226
 0.00024 0.01472943194359559 1.215261936187744
 0.00025 0.01534190579334127 1.144379854202271
 0.00026 0.01595485644617057 1.111055135726929
 0.00027 0.01656700220466741 1.045811891555786
 0.00028 0.01717769065557416 1.023643970489502
 0.00029 0.0177906918315172 0.9688019752502441
 0.0003 0.01840110820025333 0.9302968978881836
 0.00031 0.0190137276575763 0.888239860534668
 0.00032 0.01962405126514873 0.84769606590271
 0.0003300000000000001 0.02023534488242762 0.8245408535003662
 0.00034 0.02084651989729685 0.7932460308074951
 0.0003500000000000001 0.02145757631556693 0.7585711479187012
 0.00036 0.02207011002768137 0.7384791374206543
 0.00037 0.0226802900579624 0.7184240818023682
 0.00038 0.02329073576864904 0.6937699317932129
 0.00039 0.02390126422781863 0.6753799915313721
 0.0004 0.02451107967104891 0.6583559513092041
 0.00041 0.02512180305233426 0.686816930770874
 0.00042 0.02573165104998978 0.6158890724182129
 0.00043 0.026344853757737 0.6028130054473877
 0.00044 0.026951748238347 0.6135580539703369
 0.00045 0.02756286439990622 0.5983169078826904
 0.00046 0.02817476565750513 0.6025900840759277
 0.00047 0.02878299896417814 0.5829877853393555
 0.0004800000000000001 0.02939052024511886 0.5695369243621826
 0.0004900000000000001 0.03000054947232668 0.5441658496856689
 0.0005 0.030611960920485 0.5375759601593018
 0.00051 0.03121835487851475 0.5581719875335693
 0.0005200000000000001 0.03183199715893806 0.4950840473175049
 0.0005300000000000001 0.03244100778858616 0.4893591403961182
 0.00054 0.03304751150886683 0.4698829650878906
 0.00055 0.03365380889580791 0.4625861644744873
 0.0005600000000000001 0.03426237622519718 0.454960823059082
 0.0005700000000000001 0.03487586538281384 0.4484329223632812
 0.00058 0.03548471092343571 0.444843053817749
 0.00059 0.03609062738590008 0.4384450912475586
 0.0006000000000000001 0.03669546104537841 0.4262077808380127
 0.0006100000000000001 0.03730804119625888 0.4156410694122314
 0.00062 0.03791700009438864 0.4118750095367432
 0.00063 0.03852390191960969 0.4113459587097168
 0.0006400000000000001 0.03913042050495102 0.4096899032592773
 0.0006500000000000001 0.03973833925470827 0.4014039039611816
 0.0006600000000000001 0.04034153554150582 0.3903248310089111
 0.00067 0.04094953985926955 0.3950629234313965
 0.00068 0.04155594653493205 0.3873260021209717
 0.0006900000000000001 0.0421709704088935 0.3911170959472656
 0.0007000000000000001 0.04276988403747488 0.3741819858551025
 0.00071 0.04338059220577068 0.3727619647979736
 0.00072 0.04398652540451162 0.3610870838165283
 0.0007300000000000001 0.04459849201611628 0.3473598957061768
 0.0007400000000000001 0.04519824322541183 0.339169979095459
 0.00075 0.04580679218511527 0.3382899761199951
 0.00076 0.04641556041158288 0.3323540687561035
 0.0007700000000000001 0.04701493739488491 0.3311319351196289
 0.0007800000000000001 0.04762777921481594 0.3323278427124023
 0.00079 0.04823342087081836 0.325084924697876
 0.0008 0.04883247122943749 0.3178770542144775
 0.0008100000000000001 0.04944968301505447 0.3024508953094482
 0.0008200000000000001 0.05005049585615358 0.2946760654449463
 0.0008300000000000001 0.05066006574707883 0.4421448707580566
 0.00084 0.05125419373741653 0.2965149879455566
 0.0008500000000000001 0.05185932871232326 0.3066189289093018
 0.0008600000000000001 0.05247728904130127 0.2900650501251221
 0.0008700000000000001 0.05308217670985774 0.2883129119873047
 0.00088 0.05367402419582453 0.284574031829834
 0.0008900000000000001 0.05428195208568669 0.2811429500579834
 0.0009000000000000001 0.05489313644596647 0.2770571708679199
 0.0009100000000000001 0.05549349786626777 0.2757267951965332
 0.00092 0.05609871239873584 0.2729020118713379
 0.0009300000000000001 0.0567099664701608 0.2676749229431152
 0.0009400000000000001 0.05731228835293897 0.2635641098022461
 0.0009500000000000001 0.05790591794161865 0.2644720077514648
 0.0009600000000000001 0.05850801097489129 0.2621209621429443
 0.0009700000000000001 0.05911990583336448 0.2595479488372803
 0.0009800000000000002 0.05972538349012083 0.2579190731048584
 0.00099 0.06032479267906098 0.2559659481048584
 0.001 0.06093682575503245 0.2555820941925049
 0.00101 0.06152559735321489 0.2580850124359131
 0.00102 0.06212853821501444 0.2514760494232178
 0.00103 0.06274720329589042 0.2528731822967529
 0.00104 0.06334357723472768 0.2549068927764893
 0.00105 0.06393720726387991 0.2488999366760254
 0.00106 0.06454917574763623 0.2504780292510986
 0.00107 0.06516022018745565 0.254957914352417
 0.00108 0.06574955771710563 0.2381291389465332
 0.00109 0.06636007893948861 0.2302029132843018
 0.0011 0.06694929413474285 0.231719970703125
 0.00111 0.06756171474113132 0.2270240783691406
 0.00112 0.06815330254182489 0.2239329814910889
 0.00113 0.06877021825301781 0.2212059497833252
 0.00114 0.06936684660472929 0.219106912612915
 0.00115 0.06996684186933259 0.2165749073028564
 0.00116 0.07057093225869986 0.2210869789123535
 0.00117 0.07117986756069702 0.2179679870605469
 0.00118 0.07176896648448808 0.2192018032073975
 0.00119 0.0723636147051654 0.2122619152069092
 0.0012 0.07296461595536378 0.2109889984130859
 0.00121 0.07357279550524001 0.2137200832366943
 0.00122 0.07418900015650104 0.2075660228729248
 0.00123 0.0747864605505372 0.2065999507904053
 0.00124 0.07539280879494779 0.2053828239440918
 0.00125 0.07598040907784917 0.2068309783935547
 0.00126 0.07657781043475903 0.2119901180267334
 0.00127 0.0771859457047058 0.2041351795196533
 0.00128 0.07777585816682536 0.1948680877685547
 0.00129 0.07837750394675269 0.2215940952301025
 0.0013 0.07899186955555609 0.2297220230102539
 0.00131 0.07958864542870336 0.2486951351165771
 0.00132 0.0801674332581952 0.2491569519042969
 0.00133 0.08079238027115289 0.2467989921569824
 0.00134 0.08136771924543604 0.2266731262207031
 0.00135 0.08199134041653469 0.2141730785369873
 0.00136 0.08256460060426817 0.2093608379364014
 0.00137 0.08318833017639508 0.2135989665985107
 0.00138 0.08379569021749571 0.2137811183929443
 0.00139 0.08438632599261642 0.2216761112213135
 0.0014 0.08495988306687548 0.2306210994720459
 0.00141 0.08558847620968439 0.2394628524780273
 0.00142 0.08616458080177873 0.2231850624084473
 0.00143 0.08676084064962697 0.203873872756958
 0.00144 0.08737846674068359 0.1946241855621338
 0.00145 0.08798039149032409 0.1929340362548828
 0.00146 0.08856629306242376 0.1949498653411865
 0.00147 0.08917520335012932 0.1885960102081299
 0.00148 0.08976851153497913 0.1922030448913574
 0.00149 0.09034590684274021 0.184643030166626
 0.0015 0.0909480389192603 0.1818561553955078
 0.00151 0.09157622513236856 0.1874418258666992
 0.00152 0.0921477058938904 0.1817338466644287
 0.00153 0.09274574051645267 0.1908040046691895
 0.00154 0.09332853708222356 0.1795439720153809
