# Created by Octave 3.2.4, Sun Jun 02 21:50:02 2013 ART <ulises@ulises-W240HU-W250HUQ>
# name: error
# type: matrix
# rows: 1000
# columns: 2
 0.0006283185307179586 0.0006285252093948731
 0.001256637061435917 0.001257463649484733
 0.001884955592153876 0.001886814944092309
 0.002513274122871834 0.002516579471370275
 0.003141592653589793 0.003146756474649093
 0.003769911184307752 0.003777342988271362
 0.004398229715025711 0.004408343692959245
 0.005026548245743669 0.005039761623110849
 0.005654866776461628 0.005671585741623599
 0.006283185307179587 0.006303824927646665
 0.006911503837897544 0.006936471468283605
 0.007539822368615503 0.007569522443944194
 0.008168140899333463 0.008202995396152166
 0.008796459430051421 0.008836872148624469
 0.009424777960769379 0.009471135084023238
 0.01005309649148734 0.01010588539628656
 0.0106814150222053 0.01074097567710134
 0.01130973355292326 0.01137645695266804
 0.01193805208364121 0.01201241348562689
 0.01256637061435917 0.01264880237499949
 0.01319468914507713 0.01328551961946835
 0.01382300767579509 0.01392259912807289
 0.01445132620651305 0.01456009465266155
 0.01507964473723101 0.01519808226434081
 0.01570796326794897 0.01583666283828437
 0.01633628179866693 0.01647523795898658
 0.01696460032938488 0.01711451791843564
 0.01759291886010284 0.01775421905350731
 0.0182212373908208 0.01839388996132634
 0.01884955592153876 0.01903455219094509
 0.01947787445225672 0.01967521934318432
 0.02010619298297468 0.02031648428653478
 0.02073451151369264 0.02095845364918822
 0.0213628300444106 0.0216004408082878
 0.02199114857512855 0.02224237041929471
 0.02261946710584651 0.02288512695743204
 0.02324778563656447 0.02352887395825569
 0.02387610416728243 0.02417266394519002
 0.02450442269800039 0.02481643211453002
 0.02513274122871835 0.02546143289376509
 0.0257610597594363 0.02610505082764196
 0.02638937829015426 0.02675149912622114
 0.02701769682087222 0.02739644167208896
 0.02764601535159018 0.02804299739350254
 0.02827433388230814 0.02868958247475315
 0.0289026524130261 0.02933614178647895
 0.02953097094374406 0.02998261772119377
 0.03015928947446201 0.03063123564534024
 0.03078760800517997 0.03127993916860023
 0.03141592653589793 0.03192868146808187
 0.03204424506661589 0.03257741373890994
 0.03267256359733385 0.0332260851946073
 0.03330088212805181 0.03387464306711205
 0.03392920065876977 0.03452628647543592
 0.03455751918948773 0.03517463505087323
 0.03518583772020568 0.03582633554312629
 0.03581415625092364 0.03647809420477682
 0.0364424747816416 0.03712986967146729
 0.03707079331235956 0.03778161909195549
 0.03769911184307752 0.03843329813075291
 0.03832743037379548 0.03908486096595435
 0.03895574890451343 0.03974118464042497
 0.0395840674352314 0.04039261373158598
 0.04021238596594935 0.04104920433234084
 0.04084070449666731 0.04170033003140145
 0.04146902302738528 0.04235704416838096
 0.04209734155810323 0.04301390037107787
 0.04272566008882119 0.04367086756125192
 0.04335397861953915 0.04432112669189433
 0.0439822971502571 0.04497791939082353
 0.04461061568097507 0.04563471523821228
 0.04523893421169303 0.046291479073567
 0.04586725274241098 0.04694817474749248
 0.04649557127312894 0.04761313635798686
 0.0471238898038469 0.04826992713871729
 0.04775220833456485 0.04892654465675255
 0.04838052686528282 0.04958294893008667
 0.04900884539600078 0.05024890175391912
 0.04963716392671873 0.0509051373414875
 0.05026548245743669 0.05157161953171133
 0.05089380098815465 0.05222755399207031
 0.0515221195188726 0.05288308051502677
 0.05215043804959058 0.05354996370627061
 0.05277875658030853 0.05421721026562761
 0.05340707511102648 0.05487211944611126
 0.05403539364174444 0.0555395901315748
 0.0546637121724624 0.05619376231552579
 0.05529203070318035 0.05686134450679112
 0.05592034923389833 0.05752918101647506
 0.05654866776461628 0.05819725265812441
 0.05717698629533424 0.05884997717344464
 0.05780530482605219 0.05951794116268197
 0.05843362335677015 0.06018606838244611
 0.05906194188748812 0.06085433754599624
 0.05969026041820608 0.06152272687245734
 0.06031857894892403 0.06219121408683183
 0.06094689747964199 0.0628597764204304
 0.06157521601035994 0.0635283906109913
 0.06220353454107791 0.06419703290252764
 0.06283185307179587 0.06486567904556116
 0.06346017160251383 0.06553430429727479
 0.06408849013323178 0.06620288342151552
 0.06471680866394974 0.06687139068897457
 0.0653451271946677 0.06753979987755104
 0.06597344572538566 0.06820808427201633
 0.06660176425610362 0.06887621666413028
 0.06723008278682158 0.06954416935353068
 0.06785840131753954 0.07021191414666951
 0.06848671984825749 0.07087942235823179
 0.06911503837897545 0.07154666480982165
 0.06974335690969341 0.07224184289217203
 0.07037167544041137 0.07290923348411869
 0.07099999397112933 0.07357628165508452
 0.07162831250184729 0.07424295638138141
 0.07225663103256524 0.07490922614777115
 0.0728849495632832 0.07560727527541265
 0.07351326809400116 0.07627347812003925
 0.07414158662471912 0.07693919294621306
 0.07476990515543708 0.07763916466183417
 0.07539822368615504 0.07830468606875804
 0.07602654221687299 0.07896963271118575
 0.07665486074759095 0.07963396987959306
 0.07728317927830891 0.08033606265270067
 0.07791149780902687 0.08100001790877735
 0.07853981633974483 0.08170357369694917
 0.0791681348704628 0.08236706372187959
 0.07979645340118074 0.08302979443867335
 0.0804247719318987 0.083734998392316
 0.08105309046261666 0.08439711857430408
 0.08168140899333462 0.08505838165693903
 0.08230972752405259 0.08576512899253938
 0.08293804605477055 0.08642562997902638
 0.0835663645854885 0.08713370643071575
 0.08419468311620645 0.08779335168921285
 0.08482300164692441 0.08850272769087869
 0.08545132017764238 0.08916142113672115
 0.08607963870836034 0.08981902618419579
 0.0867079572390783 0.09052970873895018
 0.08733627576979625 0.09118619631926422
 0.0879645943005142 0.09189808098442773
 0.08859291283123216 0.09255334864463376
 0.08922123136195013 0.09326640043499403
 0.08984954989266809 0.09392034327480235
 0.09047786842338605 0.09463452572834598
 0.091106186954104 0.0952870364019545
 0.09173450548482195 0.09600231158071082
 0.09236282401553993 0.09671878116350442
 0.09299114254625789 0.09736960878962833
 0.09361946107697584 0.09808712956554934
 0.0942477796076938 0.09873626423654189
 0.09487609813841175 0.0994547948246997
 0.0955044166691297 0.1001021208894256
 0.09613273519984768 0.1008216184366833
 0.09676105373056564 0.101467017805719
 0.09738937226128359 0.1021874379881036
 0.09801769079200155 0.1029090486622327
 0.0986460093227195 0.1035520871586945
 0.09927432785343747 0.1042745704510717
 0.09990264638415543 0.1049153957246113
 0.1005309649148734 0.1056387038794197
 0.1011592834455913 0.1063632008657304
 0.1017876019763093 0.1070012733555623
 0.1024159205070273 0.1077265406466195
 0.1030442390377452 0.1083620993913228
 0.1036725575684632 0.1090880858061004
 0.1043008760991812 0.1098152569145829
 0.1049291946298991 0.1104476514981135
 0.1055575131606171 0.111175482640941
 0.106185831691335 0.1119044989280188
 0.106814150222053 0.1125334855652592
 0.1074424687527709 0.1132631002265182
 0.1080707872834889 0.1139938997372971
 0.1086991058142068 0.1146192280895817
 0.1093274243449248 0.1153505617468441
 0.1099557428756428 0.1160830792143877
 0.1105840614063607 0.1167044923970974
 0.1112123799370787 0.1174374772191152
 0.1118406984677967 0.1181716440687844
 0.1124690169985146 0.1187888786594118
 0.1130973355292326 0.1195234435103649
 0.1137256540599505 0.1202591878640272
 0.1143539725906685 0.1208719739099572
 0.1149822911213864 0.1216080443541162
 0.1156106096521044 0.122345291034467
 0.1162389281828223 0.1230837202009039
 0.1168672467135403 0.1236908503672028
 0.1174955652442583 0.1244295209025716
 0.1181238837749762 0.1251693697893212
 0.1187522023056942 0.1257714190676683
 0.1193805208364122 0.1265114316962489
 0.1200088393671301 0.1272526178027474
 0.1206371578978481 0.1279949833783444
 0.121265476428566 0.1285905645671376
