# Created by Octave 3.2.4, Fri Jun 07 01:00:01 2013 ART <ulises@ulises-W240HU-W250HUQ>
# name: error
# type: matrix
# rows: 100
# columns: 2
 6.283185307179587e-05 6.283391993525899e-05
 0.0001256637061435917 0.000125671974177668
 0.0001884955592153876 0.0001885141622537256
 0.0002513274122871835 0.00025136048363796
 0.0003141592653589794 0.0003142109388025307
 0.0003769911184307752 0.0003770655235725187
 0.0004398229715025711 0.0004399242427899982
 0.000502654824574367 0.0005027871021714316
 0.0005654866776461628 0.0005656540870706895
 0.0006283185307179587 0.0006285252084706778
 0.0006911503837897545 0.0006914004346552937
 0.0007539822368615504 0.0007542798315466584
 0.0008168140899333464 0.0008171633452440976
 0.0008796459430051422 0.0008800509579041517
 0.0009424777960769379 0.0009429427389625703
 0.001005309649148734 0.001005838695619641
 0.00106814150222053 0.001068738701479723
 0.001130973355292326 0.001131642842817887
 0.001193805208364121 0.001194551190772944
 0.001256637061435917 0.001257463647101141
 0.001319468914507713 0.00132038003831828
 0.001382300767579509 0.0013833008060845
 0.001445132620651305 0.00144622552318072
 0.001507964473723101 0.001509154494948371
 0.001570796326794897 0.001572087769602888
 0.001633628179866693 0.001635024927639062
 0.001696460032938488 0.00169796604005092
 0.001759291886010284 0.001760911604239301
 0.00182212373908208 0.001823861260849909
 0.001884955592153876 0.00188681494372407
 0.001947787445225672 0.001949772491770888
 0.002010619298297468 0.002012734975044349
 0.002073451151369264 0.002075700864945916
 0.00213628300444106 0.002138671189730752
 0.002199114857512855 0.002201645577360585
 0.002261946710584651 0.002264623452434783
 0.002324778563656447 0.00232760609260941
 0.002387610416728243 0.002390592924838265
 0.002450442269800039 0.002453584335983481
 0.002513274122871835 0.002516579468894864
 0.00257610597594363 0.002579578568024726
 0.002638937829015427 0.002642580404464346
 0.002701769682087222 0.002705588293997598
 0.002764601535159018 0.002768599481685903
 0.002827433388230814 0.002831615982382435
 0.00289026524130261 0.002894634328258635
 0.002953097094374406 0.002957658639681964
 0.003015928947446202 0.003020687308629426
 0.003078760800517997 0.003083718225869339
 0.003141592653589793 0.003146756476637791
 0.003204424506661589 0.003209794716357915
 0.003267256359733386 0.003272841158140649
 0.003330088212805181 0.003335887582320894
 0.003392920065876977 0.003398940011895232
 0.003455751918948773 0.00346199904694377
 0.003518583772020569 0.003525058090702818
 0.003581415625092364 0.00358812434135413
 0.00364424747816416 0.003651194521012496
 0.003707079331235956 0.003714264573554116
 0.003769911184307752 0.003777342987678668
 0.003832743037379548 0.003840425976930631
 0.003895574890451343 0.003903508893162579
 0.00395840674352314 0.003966601657191612
 0.004021238596594936 0.004029694502073368
 0.004084070449666731 0.004092792709045971
 0.004146902302738527 0.004155896668260308
 0.004209734155810323 0.004219000589583943
 0.004272566008882119 0.004282110589839944
 0.004335397861953915 0.004345227147552562
 0.004398229715025711 0.004408343691543889
 0.004461061568097507 0.004471467255147181
 0.004523893421169303 0.004534590698961232
 0.004586725274241098 0.004597721705420854
 0.004649557127312894 0.004660860910571679
 0.00471238898038469 0.004724000275565317
 0.004775220833456485 0.004787139467511189
 0.004838052686528282 0.004850287581881215
 0.004900884539600078 0.00491344538515918
 0.004963716392671874 0.004976593310710127
 0.00502654824574367 0.005039761623286743
 0.005089380098815465 0.005102919430947058
 0.00515221195188726 0.005166087997319782
 0.005215043804959058 0.005229256435557862
 0.005277875658030853 0.005292436687175377
 0.005340707511102649 0.005355617068282568
 0.005403539364174445 0.005418797285233474
 0.00546637121724624 0.00548199064922926
 0.005529203070318036 0.005545184190533183
 0.005592034923389833 0.005608377627370959
 0.005654866776461628 0.005671585740660873
 0.005717698629533424 0.00573477860572801
 0.00578053048260522 0.005797986589760316
 0.005843362335677015 0.005861210977275771
 0.005906194188748812 0.005924418777773735
 0.005969026041820607 0.005987643524956777
 0.006031857894892403 0.006050868336189422
 0.006094689747964199 0.006114092950271817
 0.006157521601035994 0.006177336555674495
 0.006220353454107791 0.006240580628327192
 0.006283185307179587 0.006303824927565859
