# Created by Octave 3.2.4, Fri Jun 07 03:14:45 2013 ART <ulises@ulises-W240HU-W250HUQ>
# name: v
# type: matrix
# rows: 1001
# columns: 2
 0 1
 -0.006283309360443333 0.999960520802946
 -0.01256649477535635 0.9998815608489847
 -0.01884930826062167 0.9997631201348237
 -0.02513150185655602 0.9996052002129309
 -0.03141282763765016 0.9994078041906734
 -0.03769303772229069 0.9991709367293963
 -0.04397188428246371 0.9988946040434393
 -0.05024911955343957 0.998578813899095
 -0.05652449584343871 0.9982235756135061
 -0.06279776554327798 0.9978289000535034
 -0.06906868113599719 0.9973947996343853
 -0.07533699520646549 0.9969212883186364
 -0.08160246045096728 0.9964083816145899
 -0.08786482968676732 0.99585609657503
 -0.09412385586165457 0.9952644517957372
 -0.1003792920634647 0.9946334674139748
 -0.1066308915295804 0.9939631651069198
 -0.1128784076564103 0.9932535680900353
 -0.1191215940088441 0.9925047011153864
 -0.1253602043296865 0.9917165904699005
 -0.1315939925490666 0.9908892639735707
 -0.1378227127938251 0.9900227509776038
 -0.1440461193968764 0.9891170823625133
 -0.1502639669065482 0.9881722905361559
 -0.1564760100958957 0.9871884094317152
 -0.1626820039719916 0.9861654745056295
 -0.1688817037851912 0.9851035227354663
 -0.1750748650383726 0.9840025926177424
 -0.1812612434961506 0.9828627241656911
 -0.1874405951940659 0.9816839589069765
 -0.1936126764477479 0.9804663398813539
 -0.1997772438620512 0.9792099116382794
 -0.2059340543401656 0.9779147202344661
 -0.2120828650926995 0.976580813231389
 -0.2182234336467363 0.975208239692739
 -0.2243555178548632 0.9737970501818245
 -0.2304788759041734 0.9723472967589243
 -0.2365932663252394 0.970859032978588
 -0.2426984480010592 0.9693323138868877
 -0.248794180175974 0.9677671960186194
 -0.2548802224645579 0.9661637373944553
 -0.2609563348604783 0.964521997518047
 -0.2670222777453276 0.9628420373730799
 -0.2730778118974269 0.9611239194202794
 -0.279122698500599 0.959367707594369
 -0.2851566991529128 0.9575734673009804
 -0.2911795758753976 0.9557412654135171
 -0.2971910911207284 0.9538711702699704
 -0.3031910077818802 0.9519632516696885
 -0.3091790892007522 0.9500175808701001
 -0.3151550991767626 0.9480342305833912
 -0.3211188019754115 0.9460132749731367
 -0.3270699623368141 0.9439547896508869
 -0.3330083454842022 0.9418588516727082
 -0.3389337171323953 0.9397255395356805
 -0.34484584349624 0.9375549331743488
 -0.3507444912990182 0.9353471139571321
 -0.356629427780824 0.9331021646826878
 -0.3625004207069079 0.9308201695762336
 -0.3683572383759909 0.9285012142858257
 -0.3741996496285447 0.9261453858785949
 -0.3800274238550415 0.9237527728369401
 -0.3858403310041701 0.9213234650546805
 -0.3916381415910206 0.9188575538331651
 -0.3974206267052364 0.9163551318773416
 -0.4031875580191333 0.9138162932917845
 -0.4089387077957858 0.911241133576682
 -0.4146738488970813 0.9086297496237832
 -0.4203927547917403 0.9059822397123046
 -0.4260951995633043 0.9032987035047978
 -0.4317809579180901 0.900579242042977
 -0.437449805193111 0.8978239577435082
 -0.4431015173639646 0.8950329543937592
 -0.4487358710526873 0.8922063371475117
 -0.4543526435355744 0.8893442125206349
 -0.4599516127509682 0.8864466883867214
 -0.4655325573070105 0.883513873972686
 -0.4710952564893627 0.8805458798543274
 -0.4766394902688914 0.8775428179518525
 -0.48216503930932 0.8745048015253649
 -0.4876716849748464 0.8714319451703169
 -0.493159209337727 0.8683243648129253
 -0.4986273951858256 0.8651821777055528
 -0.5040760260301289 0.8620055024220526
 -0.5095048861122279 0.8587944588530793
 -0.5149137604117636 0.8555491682013638
 -0.5203024346538403 0.8522697529769561
 -0.5256706953164026 0.848956336992431
 -0.5310183296375793 0.8456090453580627
 -0.536345125622992 0.8422280044769646
 -0.5416508720530294 0.8388133420401959
 -0.5469353584900872 0.8353651870218359
 -0.5521983752857731 0.8318836696740254
 -0.5574397135880769 0.8283689215219752
 -0.5626591653485068 0.8248210753589438
 -0.5678565233291901 0.8212402652411824
 -0.5730315811099395 0.8176266264828486
 -0.5781841330952846 0.8139802956508888
 -0.5833139745214692 0.8103014105598904
 -0.5884209014634123 0.8065901102669021
 -0.5935047108416364 0.8028465350662253
 -0.598565200429159 0.7990708264841739
 -0.6036021688583505 0.7952631272738055
 -0.6086154156277572 0.7914235814096221
 -0.6136047411088887 0.787552334082242
 -0.6185699465529715 0.7836495316930426
 -0.6235108340976667 0.7797153218487741
 -0.628427206773754 0.7757498533561451
 -0.6333188685117798 0.7717532762163795
 -0.6381856241486714 0.7677257416197453
 -0.643027279434316 0.7636674019400564
 -0.6478436410381045 0.759578410729146
 -0.6526345165554414 0.7554589227113125
 -0.657399714514219 0.7513090937777397
 -0.6621390443812579 0.7471290809808884
 -0.6668523165687119 0.7429190425288628
 -0.6715393424404382 0.7386791377797499
 -0.676199934318334 0.7344095272359331
 -0.6808339054886369 0.7301103725383793
 -0.6854410702081917 0.725781836460901
 -0.6900212437106825 0.7214240829043927
 -0.6945742422128302 0.717037276891042
 -0.6990998829205545 0.7126215845585157
 -0.7035979840351032 0.7081771731541211
 -0.7080683647591456 0.7037042110289432
 -0.7125108453028317 0.6992028676319567
 -0.7169252468898176 0.6946733135041144
 -0.7213113917632558 0.6901157202724115
 -0.7256691031917516 0.6855302606439262
 -0.7299982054752854 0.6809171083998365
 -0.7342985239511 0.6762764383894143
 -0.7385698849995543 0.6716084265239955
 -0.7428121160499432 0.6669132497709278
 -0.7470250455862824 0.6621910861474952
 -0.7512085031530594 0.6574421147148204
 -0.7553623193609516 0.6526665155717446
 -0.7594863258925086 0.6478644698486848
 -0.7635803555078026 0.6430361597014698
 -0.7676442420500424 0.6381817683051533
 -0.7716778204511567 0.6333014798478063
 -0.7756809267373407 0.6283954795242874
 -0.7796533980345708 0.623463953529992
 -0.783595072574085 0.6185070890545801
 -0.78750578969783 0.6135250742756833
 -0.7913853898638742 0.6085180983525909
 -0.7952337146517876 0.6034863514199152
 -0.7990506067679883 0.5984300245812366
 -0.8028359100510557 0.5933493099027274
 -0.8065894694770095 0.5882444004067565
 -0.8103111311645568 0.5831154900654737
 -0.8140007423803047 0.5779627737943732
 -0.8176581515439409 0.5727864474458386
 -0.8212832082333801 0.5675867078026673
 -0.824875763189878 0.5623637525715756
 -0.8284356683231121 0.5571177803766847
 -0.8319627767162299 0.5518489907529871
 -0.8354569426308636 0.5465575841397942
 -0.8389180215121126 0.5412437618741642
 -0.8423458699934929 0.5359077261843124
 -0.8457403459018539 0.5305496801830011
 -0.8491013082622624 0.5251698278609125
 -0.8524286173028544 0.5197683740800016
 -0.8557221344596538 0.5143455245668324
 -0.8589817223813597 0.5089014859058935
 -0.8622072449340997 0.5034364655328978
 -0.8653985672061523 0.497950671728063
 -0.8685555555126359 0.4924443136093739
 -0.8716780774001666 0.4869176011258275
 -0.8747660016514831 0.4813707450506602
 -0.8778191982900398 0.4758039569745565
 -0.8808375385845675 0.4702174492988414
 -0.8838208950536021 0.4646114352286543
 -0.8867691414699821 0.4589861287661061
 -0.8896821528653133 0.4533417447034187
 -0.8925598055344018 0.4476784986160471
 -0.895401977039656 0.4419966068557847
 -0.8982085462154552 0.4362962865438517
 -0.9009793931724887 0.4305777555639655
 -0.903714399302061 0.4248412325553956
 -0.9064134472803673 0.4190869369060005
 -0.9090764210727361 0.4133150887452485
 -0.9117032059378412 0.4075259089372211
 -0.9142936884318814 0.401719619073601
 -0.9168477564127299 0.3958964414666419
 -0.919365299044051 0.390056599142123
 -0.9218462067993868 0.3842003158322868
 -0.9242903714662116 0.3783278159687599
 -0.9266976861499557 0.3724393246754582
 -0.9290680452779978 0.3665350677614755
 -0.9314013446036258 0.3606152717139557
 -0.9336974812099675 0.354680163690949
 -0.9359563535138893 0.348729971514252
 -0.9381778612698641 0.3427649236622314
 -0.9403619055738087 0.3367852492626319
 -0.9425083888668893 0.3307911780853682
 -0.9446172149392967 0.3247829405353005
 -0.946688288933991 0.3187607676449945
