function [t,x,y] = ej3TP3()
    t=[1     2     3     4     5     6     7     8];
    x= [   1.0000    0.8660    0.5000    0.0000   -0.5000   -0.8660...
   -1.0000   -0.8660   -0.5000   -0.0000    0.5000    0.8660    1.0000];
    y=[0  0.5000  0.8660   1.0000    0.8660    0.5000    0.0000...
   -0.5000   -0.8660   -1.0000   -0.8660   -0.5000   -0.0000];
end