# Created by Octave 3.2.4, Fri Jun 07 12:07:56 2013 ART <ulises@ulises-W240HU-W250HUQ>
# name: x
# type: matrix
# rows: 1501
# columns: 2
 1 0
 0.9999605208029461 0.006282937252068718
 0.9998815631876107 0.01256537838411485
 0.9997631294908971 0.01884707533120599
 0.9996052236076847 0.02512778003816419
 0.9994078509906148 0.03140724446933565
 0.9991710186498152 0.03768522061835466
 0.9988947351525627 0.04396146051790137
 0.9985790106228857 0.05023571624945298
 0.9982238567411065 0.05650773995302803
 0.9978292867433213 0.06277728383692337
 0.9973953154208214 0.06904410018744347
 0.996921959119453 0.07530794137862167
 0.9964092357389177 0.08156855988193304
 0.995857164732012 0.08782570827599849
 0.9952657671038071 0.09407913925627963
 0.9946350654107687 0.1003286056447642
 0.9939650837598186 0.1065738603996417
 0.993255847807334 0.1128146566249687
 0.9925073847580899 0.1190507475803236
 0.9917197233641406 0.1252818866904503
 0.9908928939236431 0.131507827554891
 0.9900269282796212 0.137728323957607
 0.9891218598186705 0.1439431298765875
 0.9881777234696049 0.1501519994934463
 0.9871945557020443 0.1563546872030056
 0.986172394524945 0.1625509476228671
 0.9851112794850705 0.1687405356029695
 0.9840112516654048 0.1749232062351319
 0.9828723536835087 0.1810987148625842
 0.9816946296898162 0.1872668170894825
 0.9804781253658761 0.1934272687904091
 0.9792228879225333 0.1995798261198594
 0.9779289660980551 0.2057242455217112
 0.9765964101562001 0.2118602837386802
 0.9752252718842286 0.217987697821758
 0.9738156045908583 0.2241062451396353
 0.972367463104162 0.2302156833881068
 0.9708809037694097 0.2363157705994604
 0.9693559844468541 0.2424062651518489
 0.9677927645094607 0.2484869257786434
 0.9661913048405808 0.25455751157777
 0.96455166783157 0.2606177820210268
 0.9628739173793509 0.2666674969633842
 0.9611581188839203 0.2727064166522646
 0.9594043392458012 0.2787343017368041
 0.9576126468634397 0.2847509132770947
 0.9557831116305486 0.2907560127534061
 0.9539158049333941 0.2967493620753886
 0.9520107996480301 0.3027307235912545
 0.9500681701374769 0.3086998600969398
 0.9480879922488468 0.3146565348452447
 0.9460703433104158 0.3206005115549528
 0.9440153021286414 0.326531554419929
 0.9419229489851269 0.332449428118196
 0.9397933656335329 0.338353897820988
 0.9376266352964353 0.3442447292017828
 0.9354228426621309 0.3501216884453111
 0.9331820738813906 0.3559845422565429
 0.9309044165641587 0.3618330578696507
 0.9285899597762013 0.3676670030569498
 0.9262387940357034 0.3734861461378143
 0.923851011309812 0.3792902559875698
 0.9214267050111292 0.3850791020463611
 0.9189659699941535 0.3908524543279967
 0.9164689025516689 0.396610083428767
 0.9139356004110855 0.4023517605362392
 0.911366162730726 0.4080772574380259
 0.9087606900960642 0.4137863465305283
 0.9061192845159121 0.4194788008276543
 0.9034420494185562 0.42515439396951
 0.9007290896478453 0.4308129002310654
 0.8979805114592273 0.4364540945307932
 0.8951964225157369 0.4420777524392815
 0.8923769318839343 0.4476836501878194
 0.8895221500297934 0.4532715646769542
 0.8866321888145431 0.4588412734850237
 0.8837071614904579 0.4643925548766581
 0.8807471826966019 0.4699251878112564
 0.8777523684545229 0.4754389519514324
 0.8747228361638988 0.4809336276714345
 0.8716587045981374 0.4864089960655357
 0.8685600938999263 0.4918648389563943
 0.8654271255767374 0.4973009389033874
 0.8622599224962835 0.5027170792109136
 0.8590586088819271 0.5081130439366666
 0.8558233103080434 0.5134886178998791
 0.8525541536953365 0.5188435866895375
 0.8492512673061097 0.5241777366725653
 0.8459147807394878 0.5294908550019772
 0.8425448249265959 0.5347827296250021
 0.8391415321256913 0.5400531492911752
 0.8357050359172494 0.5453019035604001
 0.8322354711990053 0.5505287828109785
 0.8287329741809504 0.5557335782476097
 0.8251976823802827 0.5609160819093572
 0.8216297346163146 0.5660760866775847
 0.8180292710053347 0.5712133862838605
 0.8143964329554261 0.576327775317828
 0.8107313631612403 0.5814190492350447
 0.807034205598728 0.58648700436479
 0.8033051055198259 0.5915314379178381
 0.7995442094471005 0.5965521479941994
 0.7957516651683479 0.6015489335908278
 0.7919276217311526 0.6065215946092962
 0.7880722294374015 0.6114699318634368
 0.7841856398377571 0.6163937470869487
 0.7802680057260875 0.6212928429409719
 0.7763194811338546 0.6261670230216259
 0.7723402213244619 0.6310160918675164
 0.7683303827875577 0.6358398549672051
 0.7642901232333004 0.6406381187666468
 0.7602196015865801 0.6454106906765911
 0.7561189779812005 0.6501573790799484
 0.7519884137540207 0.6548779933391232
 0.7478280714390544 0.6595723438033089
 0.7436381147615312 0.6642402418157501
 0.7394187086319164 0.668881499720968
 0.7351700191398917 0.6734959308719496
 0.7308922135482958 0.6780833496373022
 0.7265854602870262 0.6826435714083711
 0.7222499289469013 0.6871764126063213
 0.7178857902734843 0.6916816906891833
 0.7134932161608669 0.6961592241588603
 0.7090723796454163 0.7006088325681021
 0.7046234548994829 0.7050303365274395
 0.7001466172250699 0.7094235577120824
 0.6956420430474657 0.7137883188687812
 0.6911099099088376 0.7181244438226505
 0.6865503964617891 0.7224317574839554
 0.6819636824628792 0.7267100858548604
 0.677349948766106 0.7309592560361405
 0.6727093773163514 0.735179096233854
 0.6680421511427914 0.7393694357659781
 0.6633484543522685 0.7435301050690054
 0.6586284721226288 0.7476609357045026
 0.6538823906960231 0.7517617603656312
 0.6491103973721715 0.7558324128836282
 0.644312680501594 0.7598727282342498
 0.6394894294788041 0.7638825425441745
 0.6346408347354691 0.7678616930973694
 0.6297670877335335 0.7718100183414145
 0.6248683809583101 0.7757273578937903
 0.6199449079115343 0.7796135525481245
 0.6149968631043861 0.7834684442803996
 0.6100244420504768 0.7872918762551215
 0.6050278412588028 0.7910836928314465
 0.6000072582266652 0.7948437395692703
 0.5949628914325563 0.7985718632352764
 0.5898949403290127 0.8022679118089429
 0.5848036053354355 0.8059317344885111
 0.5796890878308784 0.8095631816969125
 0.5745515901468019 0.8131621050876559
 0.5693913155597966 0.816728357550672
 0.5642084682842734 0.82026179321812
 0.5590032534651221 0.8237622674701514
 0.5537758771703384 0.8272296369406323
 0.548526546383619 0.8306637595228271
 0.5432554689969259 0.8340644943750374
 0.5379628538030194 0.8374317019262028
 0.5326489104879599 0.8407652438814575
 0.5273138496235794 0.8440649832276471
 0.5219578826599227 0.8473307842388033
 0.5165812219176574 0.8505625124815752
 0.5111840805804551 0.8537600348206209
 0.5057666726873413 0.8569232194239557
 0.5003292131250173 0.8600519357682577
 0.4948719176201511 0.8631460546441322
 0.4893950027316398 0.8662054481613332
 0.483898685842843 0.8692299897539416
 0.4783831851537869 0.872219554185502
 0.4728487196733401 0.8751740175541159
 0.467295509211361 0.8780932572974923
 0.4617237743708166 0.8809771521979547
 0.4561337365398733 0.8838255823874065
 0.4505256178839604 0.886638429352251
 0.4448996413378053 0.8894155759382704
 0.4392560305974412 0.8921569063554596
 0.4335950101121883 0.8948623061828175
 0.427916805076607 0.8975316623730937
 0.4222216414224249 0.9001648632574922
 0.4165097458104373 0.902761798550332
 0.4107813456223801 0.9053223593536612
 0.4050366689527779 0.9078464381618302
 0.3992759446007649 0.9103339288660182
 0.3934994020618805 0.9127847267587162
 0.3877072715198394 0.9151987285381675
 0.3818997838382754 0.9175758323127599
 0.3760771705524606 0.9199159376053765
 0.3702396638609999 0.9222189453577015
 0.3643874966174991 0.9244847579344792
 0.35852090232221 0.9267132791277302
 0.3526401151136501 0.9289044141609216
 0.3467453697601982 0.9310580696930926
 0.3408369016516654 0.9331741538229343
 0.3349149467908435 0.935252576092825
 0.328979741785028 0.9372932474928191
 0.323031523837519 0.9392960804645913
 0.3170705307390977 0.9412609889053357
 0.3110970008594807 0.9431878881716176
 0.3051111731387506 0.9450766950831807
 0.2991132870787641 0.9469273279267081
 0.2931035827345377 0.9487397064595376
