# Created by Octave 3.2.4, Thu May 16 23:25:20 2013 ART <ulises@ulises-W240HU-W250HUQ>
# name: q
# type: matrix
# rows: 500
# columns: 4
 0 0 0 0
 0.000125885009765625 2 100000 9.078459809469534
 0.0001828670501708984 4 100000.0000000119 11.70601791237351
 0.0002241134643554688 5 100000.0000000181 30.2994920204343
 0.000225067138671875 5 100000.0000000061 23.51205267789625
 0.00026702880859375 6 99999.99999999738 4.267153853975084
 0.0003468990325927734 8 100000.0000000216 24.44058587250046
 0.0003888607025146484 9 100000.0000000142 54.16278875177927
 0.0003869533538818359 9 100000.0000000409 17.02772963568118
 0.0004730224609375 11 100000.0000000906 11.16745141403063
 0.0005159378051757812 12 100000.0000001202 11.62879080351053
 0.0005741119384765625 13 99999.99999998964 50.85598064015555
 0.0006151199340820312 14 100000.0000007342 25.41866698680435
 0.0006618499755859375 15 100000.0000001176 57.80356161245164
 0.0007109642028808594 16 100000.0000002933 59.55892595294097
 0.0007569789886474609 17 100000.0000000939 49.8386491021346
 0.0008041858673095703 18 100000.0000001004 65.58428155355888
 0.0008549690246582031 19 100000.0000005357 52.50476184763401
 0.0008969306945800781 20 99999.99999995463 106.1549790458998
 0.0009548664093017578 21 99999.99999985371 82.43915002957107
 0.001002073287963867 22 100000.0000001586 113.8600932626246
 0.001045942306518555 23 99999.99999991614 112.3853888530624
 0.001094818115234375 24 100000.0000000754 92.340694039372
 0.001157045364379883 25 100000.0000005948 152.3115986526134
 0.001473903656005859 26 100000.0000000489 144.5812162921957
 0.001253128051757812 27 99999.99999992034 150.1939183272751
 0.001389980316162109 28 100000.0000001282 90.96315498731884
 0.001307964324951172 28 99999.99999969704 170.5039105109751
 0.001367092132568359 29 100000.0000002957 238.6187852354583
 0.001441001892089844 30 100000.0000000542 242.8674555226934
 0.001448869705200195 30 100000.0000002533 339.0181728145064
 0.00150299072265625 31 100000.0000002945 318.9678216194361
 0.001579999923706055 32 100000.0000004638 285.8084262688767
 0.001672983169555664 34 100000.0000001575 257.0905519469094
 0.001692056655883789 34 99999.99999981493 265.5790666844857
 0.001698970794677734 34 100000.0000002546 323.7327567759289
 0.001817941665649414 36 100000.0000000651 290.8810463106144
 0.00188899040222168 37 99999.99999958804 322.6313338984297
 0.001959085464477539 38 100000.0000002074 478.5677897783013
 0.001973152160644531 38 99999.99999991209 421.0509864693587
 0.002135992050170898 41 99999.99999988593 529.8870683709233
 0.002110004425048828 40 99999.99999964995 498.9201720195207
 0.002145051956176758 40 100000.0000000189 463.8235119859295
 0.002263069152832031 42 99999.9999999022 609.8305142699094
 0.002285003662109375 42 100000.0000001094 445.5369545026339
 0.002439975738525391 44 100000.0000004559 477.312962134069
 0.003489017486572266 44 100000.0000001237 562.8311506439346
 0.002535104751586914 45 100000.0000004985 554.3994354457657
 0.002588987350463867 46 100000.000000444 629.7417459379219
 0.002804994583129883 48 100000.0000002345 637.4400411867942
 0.002757072448730469 48 100000.0000000344 653.1982324049665
 0.002897024154663086 50 100000.0000000868 635.934286957765
 0.002941131591796875 50 99999.99999978654 628.5801551121768
 0.003090143203735352 51 99999.99999969841 559.8451747695519
 0.003186941146850586 53 99999.99999971861 533.9695136276571
 0.003259897232055664 54 100000.0000007572 644.5620968695306
 0.003162145614624023 52 100000.0000001803 616.7632173030484
 0.003442049026489258 56 99999.99999971877 768.5346310056128
 0.003370046615600586 54 99999.99999961401 700.959944033338
 0.003428936004638672 55 99999.99999976525 674.1876241917446
 0.003669023513793945 58 100000.0000000984 880.6159119037151
 0.003849029541015625 60 99999.99999997312 931.9383682891047
 0.003988027572631836 60 100000.0000000528 1038.07535639993
 0.003996849060058594 60 99999.99999991783 896.5344770455853
 0.004062891006469727 61 99999.99999975496 862.2323029462941
 0.004252195358276367 63 100000.0000004577 974.5512441625384
 0.004364013671875 64 99999.99999948702 975.5158445532822
 0.004339933395385742 63 100000.0000002474 930.386251966314
 0.00445103645324707 65 100000.0000002734 961.7309001847631
 0.004601955413818359 67 99999.99999939313 932.4969280322513
 0.004703998565673828 68 100000.0000001827 1111.107331347109
 0.005792140960693359 68 100000.0000007356 1260.526961735098
 0.004938125610351562 69 100000.000000035 1248.778323847195
 0.005070924758911133 70 100000.0000005262 1375.567966121577
 0.005086183547973633 71 100000.000001223 1252.919445686601
 0.005239963531494141 73 100000.0000002047 1321.88413008461
 0.00539398193359375 75 99999.99999980444 1518.373618983745
 0.005592107772827148 75 99999.99999962236 1741.044008344747
 0.005666971206665039 77 100000.0000003096 1658.271902519899
 0.005729913711547852 77 100000.0000000151 1547.283628551658
 0.00592803955078125 78 99999.99999987434 1396.052993480464
 0.006085872650146484 79 100000.0000004178 1740.836870221284
 0.006514072418212891 82 99999.99999935842 1486.788353611799
 0.006361007690429688 81 99999.99999953623 1648.627954601177
 0.006598949432373047 82 99999.99999949073 1766.65243471843
 0.006974935531616211 82 99999.99999946931 1765.01729313074
 0.007358789443969727 86 100000.0000000329 1814.951302996768
 0.007360935211181641 87 100000.0000003208 2051.676261524312
 0.007162094116210938 85 99999.99999946797 1944.538644207408
 0.007660865783691406 89 99999.9999996299 2034.357867040249
 0.007791996002197266 90 99999.99999989498 2212.531697970256
 0.007802009582519531 91 99999.99999992366 2146.077018298894
 0.008040189743041992 93 100000.0000001845 2341.121622425856
 0.008291959762573242 92 100000.0000003827 2275.588276302547
 0.01388311386108398 93 100000.0000001192 2446.696258129542
 0.008586883544921875 95 99999.99999997852 2411.935089439824
 0.008779048919677734 97 99999.99999980901 2706.448587538729
 0.01040983200073242 97 99999.99999997603 2714.442672944997
 0.009798049926757812 100 99999.99999980963 2367.880628204228
 0.009778022766113281 100 100000.000000285 2484.952111810853
 0.009828090667724609 100 99999.9999997374 2668.643732976739
 0.0099029541015625 102 100000.0000005133 2617.080629265388
 0.009847164154052734 102 99999.99999967948 2694.026107942483
 0.01169681549072266 105 99999.99999996202 2509.500094731343
 0.01041293144226074 104 100000.0000003339 2267.265473181953
 0.01084995269775391 106 100000.0000000856 2658.465786361573
 0.01080894470214844 108 100000.0000003476 2462.103804918313
 0.0111539363861084 109 100000.0000007331 2504.516694109771
 0.01153683662414551 110 99999.99999904848 2568.298797592246
 0.01163387298583984 111 99999.99999963175 3027.160659904574
 0.01178193092346191 112 99999.9999996484 2997.453947477753
 0.01193404197692871 113 100000.0000002852 2973.244290893444
 0.01384711265563965 114 99999.99999960988 2867.453407672756
 0.0124201774597168 115 100000.0000000395 2906.041940577569
 0.01656699180603027 116 100000.0000004895 3389.758356054322
 0.01282405853271484 117 99999.99999988973 3744.325495530845
 0.01306891441345215 118 100000.0000000109 3628.146079894012
 0.01333498954772949 119 100000.0000010223 3605.460462660913
 0.01352381706237793 120 99999.99999981355 3759.375864370537
 0.01393795013427734 121 99999.99999960583 3694.590785160013
 0.01599693298339844 122 99999.99999995813 4159.606730088681
 0.01470494270324707 123 100000.0000003344 3855.267754130832
 0.01465892791748047 124 99999.99999953412 4422.496439037965
 0.014862060546875 125 99999.99999949687 3883.990219012697
 0.01509404182434082 126 100000.0000001406 4329.875898797072
 0.01594805717468262 127 100000.0000000621 4387.750813795206
 0.01601409912109375 128 99999.99999976122 4308.183407027724
 0.0165400505065918 129 99999.99999958972 4292.143170790227
 0.01782107353210449 130 99999.99999984606 4048.769481642419
 0.01654291152954102 131 99999.99999989648 4248.143377777927
