# Created by Octave 3.2.4, Thu May 16 23:15:40 2013 ART <ulises@ulises-W240HU-W250HUQ>
# name: q
# type: matrix
# rows: 500
# columns: 4
 0 0 0 0
 0.0001308917999267578 2 100000 9.078459809469534
 0.0003378391265869141 4 100000.0000000119 11.70601791237351
 0.0004131793975830078 5 100000.0000000181 30.2994920204343
 0.0004239082336425781 5 100000.0000000061 23.51205267789625
 0.0005769729614257812 6 99999.99999999738 4.267153853975084
 0.0005199909210205078 8 100000.0000000216 24.44058587250046
 0.0007059574127197266 9 100000.0000000142 54.16278875177927
 0.0008459091186523438 9 100000.0000000409 17.02772963568118
 0.001136064529418945 11 100000.0000000906 11.16745141403063
 0.001134872436523438 12 100000.0000001202 11.62879080351053
 0.001214027404785156 13 99999.99999998964 50.85598064015555
 0.001296043395996094 14 100000.0000007342 25.41866698680435
 0.00139617919921875 15 100000.0000001176 57.80356161245164
 0.001311063766479492 16 100000.0000002933 59.55892595294097
 0.001660823822021484 17 100000.0000000939 49.8386491021346
 0.001728057861328125 18 100000.0000001004 65.58428155355888
 0.001791954040527344 19 100000.0000005357 52.50476184763401
 0.001849889755249023 20 99999.99999995463 106.1549790458998
 0.00185394287109375 21 99999.99999985371 82.43915002957107
 0.002387046813964844 22 100000.0000001586 113.8600932626246
 0.002205848693847656 23 99999.99999991614 112.3853888530624
 0.002267837524414062 24 100000.0000000754 92.340694039372
 0.002341985702514648 25 100000.0000005948 152.3115986526134
 0.002592802047729492 26 100000.0000000489 144.5812162921957
 0.00127100944519043 27 99999.99999992034 150.1939183272751
 0.001340150833129883 28 100000.0000001282 90.96315498731884
 0.001348018646240234 28 99999.99999969704 170.5039105109751
 0.001402139663696289 29 100000.0000002957 238.6187852354583
 0.001789093017578125 30 100000.0000000542 242.8674555226934
 0.001466035842895508 30 100000.0000002533 339.0181728145064
 0.001540184020996094 31 100000.0000002945 318.9678216194361
 0.003057003021240234 32 100000.0000004638 285.8084262688767
 0.001777887344360352 34 100000.0000001575 257.0905519469094
 0.001713991165161133 34 99999.99999981493 265.5790666844857
 0.001718997955322266 34 100000.0000002546 323.7327567759289
 0.003134012222290039 36 100000.0000000651 290.8810463106144
 0.001973152160644531 37 99999.99999958804 322.6313338984297
 0.001999139785766602 38 100000.0000002074 478.5677897783013
 0.003844976425170898 38 99999.99999991209 421.0509864693587
 0.002223968505859375 41 99999.99999988593 529.8870683709233
 0.002155065536499023 40 99999.99999964995 498.9201720195207
 0.003881931304931641 40 100000.0000000189 463.8235119859295
 0.002331972122192383 42 99999.9999999022 609.8305142699094
 0.002296209335327148 42 100000.0000001094 445.5369545026339
 0.00277400016784668 44 100000.0000004559 477.312962134069
 0.002488136291503906 44 100000.0000001237 562.8311506439346
 0.004682064056396484 45 100000.0000004985 554.3994354457657
 0.002668142318725586 46 100000.000000444 629.7417459379219
 0.003689050674438477 48 100000.0000002345 637.4400411867942
 0.002869844436645508 48 100000.0000000344 653.1982324049665
 0.003180027008056641 50 100000.0000000868 635.934286957765
 0.003067970275878906 50 99999.99999978654 628.5801551121768
 0.003073930740356445 51 99999.99999969841 559.8451747695519
 0.003283977508544922 53 99999.99999971861 533.9695136276571
 0.004067182540893555 54 100000.0000007572 644.5620968695306
 0.00326991081237793 52 100000.0000001803 616.7632173030484
 0.005613088607788086 56 99999.99999971877 768.5346310056128
 0.003433942794799805 54 99999.99999961401 700.959944033338
 0.004733085632324219 55 99999.99999976525 674.1876241917446
 0.00374603271484375 58 100000.0000000984 880.6159119037151
 0.004199981689453125 60 99999.99999997312 931.9383682891047
 0.004204988479614258 60 100000.0000000528 1038.07535639993
 0.004065990447998047 60 99999.99999991783 896.5344770455853
 0.004764080047607422 61 99999.99999975496 862.2323029462941
 0.004438161849975586 63 100000.0000004577 974.5512441625384
 0.00465703010559082 64 99999.99999948702 975.5158445532822
 0.004660129547119141 63 100000.0000002474 930.386251966314
 0.004673957824707031 65 100000.0000002734 961.7309001847631
 0.009204864501953125 67 99999.99999939313 932.4969280322513
 0.007677078247070312 68 100000.0000001827 1111.107331347109
 0.004939079284667969 68 100000.0000007356 1260.526961735098
 0.005106210708618164 69 100000.000000035 1248.778323847195
 0.005266904830932617 70 100000.0000005262 1375.567966121577
 0.005410194396972656 71 100000.000001223 1252.919445686601
 0.005635976791381836 73 100000.0000002047 1321.88413008461
 0.005881786346435547 75 99999.99999980444 1518.373618983745
 0.005636930465698242 75 99999.99999962236 1741.044008344747
 0.005952119827270508 77 100000.0000003096 1658.271902519899
 0.005918979644775391 77 100000.0000000151 1547.283628551658
 0.006320953369140625 78 99999.99999987434 1396.052993480464
 0.00650787353515625 79 100000.0000004178 1740.836870221284
 0.007410049438476562 82 99999.99999935842 1486.788353611799
 0.006614923477172852 81 99999.99999953623 1648.627954601177
 0.006738185882568359 82 99999.99999949073 1766.65243471843
 0.006907939910888672 82 99999.99999946931 1765.01729313074
 0.00717616081237793 86 100000.0000000329 1814.951302996768
 0.007211923599243164 87 100000.0000003208 2051.676261524312
 0.008000850677490234 85 99999.99999946797 1944.538644207408
 0.007720947265625 89 99999.9999996299 2034.357867040249
 0.007883071899414062 90 99999.99999989498 2212.531697970256
 0.00777888298034668 91 99999.99999992366 2146.077018298894
 0.008002042770385742 93 100000.0000001845 2341.121622425856
 0.008246898651123047 92 100000.0000003827 2275.588276302547
 0.008358955383300781 93 100000.0000001192 2446.696258129542
 0.00892186164855957 95 99999.99999997852 2411.935089439824
 0.008887052536010742 97 99999.99999980901 2706.448587538729
 0.009016036987304688 97 99999.99999997603 2714.442672944997
 0.009546995162963867 100 99999.99999980963 2367.880628204228
 0.009413957595825195 100 100000.000000285 2484.952111810853
 0.009572029113769531 100 99999.9999997374 2668.643732976739
 0.01013493537902832 102 100000.0000005133 2617.080629265388
 0.01015901565551758 102 99999.99999967948 2694.026107942483
 0.01037907600402832 105 99999.99999996202 2509.500094731343
 0.01030993461608887 104 100000.0000003339 2267.265473181953
 0.01072597503662109 106 100000.0000000856 2658.465786361573
 0.01109600067138672 108 100000.0000003476 2462.103804918313
 0.01265501976013184 109 100000.0000007331 2504.516694109771
 0.01158308982849121 110 99999.99999904848 2568.298797592246
 0.01284217834472656 111 99999.99999963175 3027.160659904574
 0.01238894462585449 112 99999.9999996484 2997.453947477753
 0.0121159553527832 113 100000.0000002852 2973.244290893444
 0.01325702667236328 114 99999.99999960988 2867.453407672756
 0.01252388954162598 115 100000.0000000395 2906.041940577569
 0.01291799545288086 116 100000.0000004895 3389.758356054322
 0.01376008987426758 117 99999.99999988973 3744.325495530845
 0.01305103302001953 118 100000.0000000109 3628.146079894012
 0.01324319839477539 119 100000.0000010223 3605.460462660913
 0.01361489295959473 120 99999.99999981355 3759.375864370537
 0.01389598846435547 121 99999.99999960583 3694.590785160013
 0.01617097854614258 122 99999.99999995813 4159.606730088681
 0.01489710807800293 123 100000.0000003344 3855.267754130832
 0.01447200775146484 124 99999.99999953412 4422.496439037965
 0.01673293113708496 125 99999.99999949687 3883.990219012697
 0.01520395278930664 126 100000.0000001406 4329.875898797072
 0.01537179946899414 127 100000.0000000621 4387.750813795206
 0.01567196846008301 128 99999.99999976122 4308.183407027724
 0.02436995506286621 129 99999.99999958972 4292.143170790227
 0.0166771411895752 130 99999.99999984606 4048.769481642419
 0.0168309211730957 131 99999.99999989648 4248.143377777927
