

function [x,y] = e3Data()
    x = 2:.1:10;
    y = [  3.7727
    3.6292
    3.5614
    3.5024
    3.3670
    3.4825
    3.3109
    3.3102
    3.1345
    3.0670
    3.0982
    3.0399
    3.1124
    3.0238
    2.9788
    2.7818
    2.7833
    2.8416
    2.7637
    2.8620
    2.8346
    2.6504
    2.7374
    2.7506
    2.6371
    2.7146
    2.6439
    2.5510
    2.5797
    2.5015
    2.4298
    2.4694
    2.4219
    2.3687
    2.5191
    2.3751
    2.5563
    2.2952
    2.3455
    2.4089
    2.4829
    2.2716
    2.1673
    2.2783
    2.0924
    2.1603
    2.1886
    2.2709
    2.2520
    2.1203
    2.1823
    2.0688
    2.1339
    2.2209
    2.0671
    2.0177
    1.9892
    2.0742
    2.1118
    2.1630
    1.9856
    1.9828
    1.9079
    2.0764
    1.9305
    1.8880
    2.0901
    1.9698
    1.9522
    1.8044
    1.9097
    1.9069
    1.7684
    1.8283
    1.8047
    1.8703
    1.7385
    1.8974
    1.9443
    1.7687
    1.7838]';
end