function [x,y,z] =e6Data()
x = [-4    -4    -4    -4    -4    -4    -4    -4    -4    -3    -3    -3 ...
     -3    -3    -3    -3    -3    -3    -2    -2    -2    -2    -2    -2 ...
     -2    -2    -2    -1    -1    -1    -1    -1    -1    -1    -1    -1 ...
      0     0     0     0     0     0     0     0     0     1     1     1 ...
      1     1     1     1     1     1     2     2     2     2     2     2 ...
      2     2     2     3     3     3     3     3     3     3     3     3 ...
      4     4     4     4     4     4     4     4     4];
y = [-4    -3    -2    -1     0     1     2     3     4    -4    -3    -2 ...
     -1     0     1     2     3     4    -4    -3    -2    -1     0     1 ...
      2     3     4    -4    -3    -2    -1     0     1     2     3     4 ...
     -4    -3    -2    -1     0     1     2     3     4    -4    -3    -2 ...
     -1     0     1     2     3     4    -4    -3    -2    -1     0     1 ...
      2     3     4    -4    -3    -2    -1     0     1     2     3     4 ...
     -4    -3    -2    -1     0     1     2     3     4]; 

z = [-15.3728  -12.3202   -7.7272   -5.6444   -2.7057    0.2358    3.3180 ...
      6.3306    9.0045  -11.8019  -10.1676   -7.5904   -4.2889   -0.1719  ...
      2.5471    5.8204    7.8501   11.1057  -12.2700   -7.3381   -5.0752  ...
     -1.9608    1.7094    3.8086    7.3016    9.4975   12.6277   -8.6208  ...
     -6.1482   -4.0960   -0.3765    5.0367    6.3450    9.1506   11.7137  ...
      13.7264   -6.9051   -6.1553   -1.6464    0.9814    4.8507    8.7515 ...
      11.3612   13.6894   15.8614   -5.3732   -2.8299    1.3006    3.5901 ...
      7.9917    9.9178   11.9368   16.0555   19.5022   -3.3472    0.4324  ...
      3.2375    6.2691    8.7714   11.9106   14.9060   17.9101   19.9810  ...
     -1.0128    1.1667    5.0896    7.1835   11.9539   14.5747   16.6226  ...
      21.4452   23.7975    1.5974    2.5491    6.1140    9.5084   12.7706 ...
      15.0819   19.4586   21.6341   24.8842];
  
end
