# Created by Octave 3.2.4, Thu May 16 23:00:49 2013 ART <ulises@ulises-W240HU-W250HUQ>
# name: q
# type: matrix
# rows: 50
# columns: 4
 0 0 0 0
 0.0004651546478271484 2 100000 9.078459809469534
 0.0001940727233886719 4 100000.0000000119 11.70601791237351
 0.0002350807189941406 5 100000.0000000181 30.2994920204343
 0.0002360343933105469 5 100000.0000000061 23.51205267789625
 0.0002779960632324219 6 99999.99999999738 4.267153853975084
 0.0003900527954101562 8 100000.0000000216 24.44058587250046
 0.0003399848937988281 9 100000.0000000142 54.16278875177927
 0.0003409385681152344 9 100000.0000000409 17.02772963568118
 0.0004220008850097656 11 100000.0000000906 11.16745141403063
 0.0004620552062988281 12 100000.0000001202 11.62879080351053
 0.0005338191986083984 13 99999.99999998964 50.85598064015555
 0.0006399154663085938 14 100000.0000007342 25.41866698680435
 0.0006158351898193359 15 100000.0000001176 57.80356161245164
 0.0006489753723144531 16 100000.0000002933 59.55892595294097
 0.0007219314575195312 17 100000.0000000939 49.8386491021346
 0.000759124755859375 18 100000.0000001004 65.58428155355888
 0.0007729530334472656 19 100000.0000005357 52.50476184763401
 0.0008099079132080078 20 99999.99999995463 106.1549790458998
 0.0008680820465087891 21 99999.99999985371 82.43915002957107
 0.0009241104125976562 22 100000.0000001586 113.8600932626246
 0.0009889602661132812 23 99999.99999991614 112.3853888530624
 0.001110076904296875 24 100000.0000000754 92.340694039372
 0.001059055328369141 25 100000.0000005948 152.3115986526134
 0.001111984252929688 26 100000.0000000489 144.5812162921957
 0.001133918762207031 27 99999.99999992034 150.1939183272751
 0.00123286247253418 28 100000.0000001282 90.96315498731884
 0.001230955123901367 28 99999.99999969704 170.5039105109751
 0.001359939575195312 29 100000.0000002957 238.6187852354583
 0.001332998275756836 30 100000.0000000542 242.8674555226934
 0.001430988311767578 30 100000.0000002533 339.0181728145064
 0.001411914825439453 31 100000.0000002945 318.9678216194361
 0.00147700309753418 32 100000.0000004638 285.8084262688767
 0.001554012298583984 34 100000.0000001575 257.0905519469094
 0.001549005508422852 34 99999.99999981493 265.5790666844857
 0.001558065414428711 34 100000.0000002546 323.7327567759289
 0.00166010856628418 36 100000.0000000651 290.8810463106144
 0.001787900924682617 37 99999.99999958804 322.6313338984297
 0.00182795524597168 38 100000.0000002074 478.5677897783013
 0.00180506706237793 38 99999.99999991209 421.0509864693587
 0.002043962478637695 41 99999.99999988593 529.8870683709233
 0.001957893371582031 40 99999.99999964995 498.9201720195207
 0.002017021179199219 40 100000.0000000189 463.8235119859295
 0.002091884613037109 42 99999.9999999022 609.8305142699094
 0.002145051956176758 42 100000.0000001094 445.5369545026339
 0.002294063568115234 44 100000.0000004559 477.312962134069
 0.002256870269775391 44 100000.0000001237 562.8311506439346
 0.002372026443481445 45 100000.0000004985 554.3994354457657
 0.002512216567993164 46 100000.000000444 629.7417459379219
 0.002607822418212891 48 100000.0000002345 637.4400411867942
